MAE: 3.3860897733398425
RMSE: 4.391859445584657
R2: 0.6134842600508266
